,index,nneg,npos,ntot
0,CHEMBL1075021,0,35,35
1,CHEMBL1075022,1,34,35
2,CHEMBL1075024,18,24,42
3,CHEMBL1075025,5,27,32
4,CHEMBL1075028,12,43,55
5,CHEMBL1075029,1,31,32
6,CHEMBL1075036,4,29,33
7,CHEMBL1075044,14,14,28
8,CHEMBL1075048,0,25,25
9,CHEMBL1075051,79,79,158
10,CHEMBL1075058,2,15,17
11,CHEMBL1075061,0,24,24
12,CHEMBL1075079,10,13,23
13,CHEMBL1075097,11,45,56
14,CHEMBL1075104,60,208,268
15,CHEMBL1075128,2,10,12
16,CHEMBL1075132,29,21,50
17,CHEMBL1075133,47,27,74
18,CHEMBL1075134,0,30,30
19,CHEMBL1075138,215,11,226
20,CHEMBL1075140,2,35,37
21,CHEMBL1075145,32,107,139
22,CHEMBL1075146,93,13,106
23,CHEMBL1075152,1,63,64
24,CHEMBL1075162,5,18,23
25,CHEMBL1075163,4,25,29
26,CHEMBL1075165,35,15,50
27,CHEMBL1075167,36,37,73
28,CHEMBL1075189,20,59,79
29,CHEMBL1075195,47,26,73
30,CHEMBL1075205,8,13,21
31,CHEMBL1075214,26,26,52
32,CHEMBL1075228,15,166,181
33,CHEMBL1075244,0,10,10
34,CHEMBL1075246,12,21,33
35,CHEMBL1075261,2,38,40
36,CHEMBL1075263,0,18,18
37,CHEMBL1075269,0,43,43
38,CHEMBL1075280,19,56,75
39,CHEMBL1075282,19,27,46
40,CHEMBL1075284,22,129,151
41,CHEMBL1075289,0,18,18
42,CHEMBL1075294,25,30,55
43,CHEMBL1075302,1,23,24
44,CHEMBL1075305,25,13,38
45,CHEMBL1075307,102,14,116
46,CHEMBL1075317,26,27,53
47,CHEMBL1075319,6,91,97
48,CHEMBL1075321,0,11,11
49,CHEMBL1075322,92,38,130
50,CHEMBL1075323,26,18,44
51,CHEMBL1163101,76,37,113
52,CHEMBL1163104,62,11,73
53,CHEMBL1163108,61,12,73
54,CHEMBL1163111,80,16,96
55,CHEMBL1163112,62,12,74
56,CHEMBL1163116,40,90,130
57,CHEMBL1163120,65,11,76
58,CHEMBL1163122,2,25,27
59,CHEMBL1163124,54,19,73
60,CHEMBL1163125,53,214,267
61,CHEMBL1163126,56,18,74
62,CHEMBL1163128,62,11,73
63,CHEMBL1163129,55,17,72
64,CHEMBL1169595,0,14,14
65,CHEMBL1169598,59,38,97
66,CHEMBL1250368,11,27,38
67,CHEMBL1250375,7,83,90
68,CHEMBL1250416,12,10,22
69,CHEMBL1250417,23,22,45
70,CHEMBL1255137,5,37,42
71,CHEMBL1255149,12,161,173
72,CHEMBL1255150,2,95,97
73,CHEMBL1255164,10,53,63
74,CHEMBL1255165,16,57,73
75,CHEMBL1275212,10,98,108
76,CHEMBL1275217,3,27,30
77,CHEMBL1275223,2,18,20
78,CHEMBL1287622,80,49,129
79,CHEMBL1287623,29,87,116
80,CHEMBL1287625,105,15,120
81,CHEMBL1293191,17,32,49
82,CHEMBL1293193,1,11,12
83,CHEMBL1293194,7,15,22
84,CHEMBL1293198,6,10,16
85,CHEMBL1293200,8,14,22
86,CHEMBL1293222,38,30,68
87,CHEMBL1293224,2,50,52
88,CHEMBL1293226,14,22,36
89,CHEMBL1293231,3,28,31
90,CHEMBL1293237,15,22,37
91,CHEMBL1293244,62,36,98
92,CHEMBL1293255,1,127,128
93,CHEMBL1293266,43,25,68
94,CHEMBL1293267,66,63,129
95,CHEMBL1293287,8,18,26
96,CHEMBL1293289,21,73,94
97,CHEMBL1293292,8,62,70
98,CHEMBL1293293,8,73,81
99,CHEMBL1615381,11,34,45
100,CHEMBL1628461,9,33,42
101,CHEMBL1649052,1,26,27
102,CHEMBL1649054,0,45,45
103,CHEMBL1649055,14,41,55
104,CHEMBL1667665,0,37,37
105,CHEMBL1667666,13,13,26
106,CHEMBL1671613,1,73,74
107,CHEMBL1681617,0,10,10
108,CHEMBL1681620,1,70,71
109,CHEMBL1681621,22,29,51
110,CHEMBL1697658,6,17,23
111,CHEMBL1697667,0,10,10
112,CHEMBL1697676,1,26,27
113,CHEMBL1741186,84,168,252
114,CHEMBL1743122,15,18,33
115,CHEMBL1743126,33,29,62
116,CHEMBL1744522,12,28,40
117,CHEMBL1744525,72,325,397
118,CHEMBL1764946,145,18,163
119,CHEMBL1770034,56,20,76
120,CHEMBL1770047,0,30,30
121,CHEMBL1772929,17,36,53
122,CHEMBL1781,174,214,388
123,CHEMBL1781858,58,13,71
124,CHEMBL1781862,5,118,123
125,CHEMBL1781865,2,12,14
126,CHEMBL1782,58,153,211
127,CHEMBL1784,60,41,101
128,CHEMBL1785,357,704,1061
129,CHEMBL1787,37,385,422
130,CHEMBL1790,82,354,436
131,CHEMBL1791,0,42,42
132,CHEMBL1792,39,194,233
133,CHEMBL1793,1,26,27
134,CHEMBL1795091,2,39,41
135,CHEMBL1795101,25,170,195
136,CHEMBL1795117,34,42,76
137,CHEMBL1795119,1,28,29
138,CHEMBL1795126,1,93,94
139,CHEMBL1795127,61,27,88
140,CHEMBL1795135,94,39,133
141,CHEMBL1795138,0,44,44
142,CHEMBL1795139,74,38,112
143,CHEMBL1795148,4,45,49
144,CHEMBL1795165,57,16,73
145,CHEMBL1795166,10,17,27
146,CHEMBL1795167,29,22,51
147,CHEMBL1795168,9,12,21
148,CHEMBL1795171,15,20,35
149,CHEMBL1795180,15,78,93
150,CHEMBL1795186,10,78,88
151,CHEMBL1795190,5,36,41
152,CHEMBL1795192,59,13,72
153,CHEMBL1795195,0,27,27
154,CHEMBL1798,1,40,41
155,CHEMBL1800,182,1444,1626
156,CHEMBL1801,707,507,1214
157,CHEMBL1803,15,130,145
158,CHEMBL1804,99,193,292
159,CHEMBL1805,14,112,126
160,CHEMBL1806,155,53,208
161,CHEMBL1808,165,382,547
162,CHEMBL1809,14,40,54
163,CHEMBL1811,178,618,796
164,CHEMBL1820,33,71,104
165,CHEMBL1821,216,485,701
166,CHEMBL1822,24,132,156
167,CHEMBL1824,493,1112,1605
168,CHEMBL1825,0,12,12
169,CHEMBL1826,5,28,33
170,CHEMBL1827,282,1292,1574
171,CHEMBL1828,88,31,119
172,CHEMBL1829,163,346,509
173,CHEMBL1833,114,821,935
174,CHEMBL1835,120,680,800
175,CHEMBL1836,116,379,495
176,CHEMBL1837,22,69,91
177,CHEMBL1841,163,101,264
178,CHEMBL1844,128,624,752
179,CHEMBL1847,2,18,20
180,CHEMBL1849,65,159,224
181,CHEMBL1850,115,184,299
182,CHEMBL1853,90,122,212
183,CHEMBL1855,50,1052,1102
184,CHEMBL1856,70,415,485
185,CHEMBL1857,72,24,96
186,CHEMBL1859,0,66,66
187,CHEMBL1860,173,274,447
188,CHEMBL1862,313,799,1112
189,CHEMBL1864,5,49,54
190,CHEMBL1865,268,876,1144
191,CHEMBL1866,36,29,65
192,CHEMBL1867,117,669,786
193,CHEMBL1868,355,614,969
194,CHEMBL1869,7,12,19
195,CHEMBL1870,14,103,117
196,CHEMBL1871,330,1214,1544
197,CHEMBL1873,406,197,603
198,CHEMBL1875,35,376,411
199,CHEMBL1878,48,265,313
200,CHEMBL1881,130,189,319
201,CHEMBL1882,9,74,83
202,CHEMBL1886,15,96,111
203,CHEMBL1889,47,460,507
204,CHEMBL1892,36,180,216
205,CHEMBL1898,166,992,1158
206,CHEMBL1899,118,346,464
207,CHEMBL1900,129,600,729
208,CHEMBL1901,114,318,432
209,CHEMBL1902,157,357,514
210,CHEMBL1903,39,72,111
211,CHEMBL1904,6,92,98
212,CHEMBL1906,143,416,559
213,CHEMBL1907,238,113,351
214,CHEMBL1907587,18,148,166
215,CHEMBL1907588,14,25,39
216,CHEMBL1907589,201,476,677
217,CHEMBL1907590,30,96,126
218,CHEMBL1907591,9,14,23
219,CHEMBL1907592,12,112,124
220,CHEMBL1907593,131,104,235
221,CHEMBL1907594,104,193,297
222,CHEMBL1907595,38,138,176
223,CHEMBL1907596,278,1264,1542
224,CHEMBL1907598,241,1042,1283
225,CHEMBL1907599,126,1006,1132
226,CHEMBL1907600,598,819,1417
227,CHEMBL1907601,335,521,856
228,CHEMBL1907602,185,239,424
229,CHEMBL1907603,35,117,152
230,CHEMBL1907604,17,43,60
231,CHEMBL1907605,107,285,392
232,CHEMBL1907606,9,19,28
233,CHEMBL1907609,291,797,1088
234,CHEMBL1907610,531,2349,2880
235,CHEMBL1908,45,489,534
236,CHEMBL1908381,60,12,72
237,CHEMBL1908382,57,15,72
238,CHEMBL1908383,60,12,72
239,CHEMBL1908385,54,54,108
240,CHEMBL1908386,53,19,72
241,CHEMBL1908387,52,20,72
242,CHEMBL1908389,54,18,72
243,CHEMBL1909485,30,18,48
244,CHEMBL1910,10,48,58
245,CHEMBL1913,388,707,1095
246,CHEMBL1914,862,1045,1907
247,CHEMBL1914272,0,38,38
248,CHEMBL1915,28,55,83
249,CHEMBL1916,50,484,534
250,CHEMBL1917,25,102,127
251,CHEMBL1918,62,146,208
252,CHEMBL1919,16,147,163
253,CHEMBL1921,42,153,195
254,CHEMBL1921664,7,45,52
255,CHEMBL1921666,14,54,68
256,CHEMBL1923,6,30,36
257,CHEMBL1926,185,456,641
258,CHEMBL1926488,30,64,94
259,CHEMBL1926495,2,12,14
260,CHEMBL1929,151,88,239
261,CHEMBL1932895,9,39,48
262,CHEMBL1932898,2,17,19
263,CHEMBL1935,10,51,61
264,CHEMBL1936,169,682,851
265,CHEMBL1937,161,413,574
266,CHEMBL1938210,13,20,33
267,CHEMBL1938219,0,37,37
268,CHEMBL1939,8,137,145
269,CHEMBL1940,58,60,118
270,CHEMBL1941,244,220,464
271,CHEMBL1942,53,371,424
272,CHEMBL1943,14,32,46
273,CHEMBL1944,109,328,437
274,CHEMBL1944490,9,21,30
275,CHEMBL1944497,8,27,35
276,CHEMBL1944498,12,15,27
277,CHEMBL1944499,30,44,74
278,CHEMBL1945,104,764,868
279,CHEMBL1946,31,707,738
280,CHEMBL1947,164,414,578
281,CHEMBL1949,94,42,136
282,CHEMBL1949492,3,14,17
283,CHEMBL1951,744,683,1427
284,CHEMBL1952,235,418,653
285,CHEMBL1954,1,11,12
286,CHEMBL1955,117,233,350
287,CHEMBL1957,439,892,1331
288,CHEMBL1958,1,14,15
289,CHEMBL1961783,4,22,26
290,CHEMBL1962,13,90,103
291,CHEMBL1963,0,20,20
292,CHEMBL1966,322,303,625
293,CHEMBL1968,69,34,103
294,CHEMBL1970,6,20,26
295,CHEMBL1971,15,41,56
296,CHEMBL1973,44,25,69
297,CHEMBL1974,218,895,1113
298,CHEMBL1977,196,130,326
299,CHEMBL1978,433,1239,1672
300,CHEMBL1980,261,119,380
301,CHEMBL1981,493,446,939
302,CHEMBL1982,2,17,19
303,CHEMBL1983,128,1167,1295
304,CHEMBL1985,101,658,759
305,CHEMBL1987,76,81,157
306,CHEMBL1989,0,20,20
307,CHEMBL1991,297,794,1091
308,CHEMBL1993,63,21,84
309,CHEMBL1994,128,445,573
310,CHEMBL1995,174,194,368
311,CHEMBL1997,54,219,273
312,CHEMBL2000,115,90,205
313,CHEMBL2001,92,731,823
314,CHEMBL2002,200,570,770
315,CHEMBL2003,115,159,274
316,CHEMBL2004,14,107,121
317,CHEMBL2007,99,252,351
318,CHEMBL2008,86,181,267
319,CHEMBL2009,16,55,71
320,CHEMBL2010624,0,11,11
321,CHEMBL2010631,2,47,49
322,CHEMBL2010635,2,42,44
323,CHEMBL2010636,15,26,41
324,CHEMBL2014,196,1157,1353
325,CHEMBL2015,24,35,59
326,CHEMBL2016,44,171,215
327,CHEMBL202,249,662,911
328,CHEMBL2021745,0,40,40
329,CHEMBL2021750,1,13,14
330,CHEMBL2023,9,14,23
331,CHEMBL2026,124,122,246
332,CHEMBL2027,24,67,91
333,CHEMBL2028,81,203,284
334,CHEMBL2029196,0,40,40
335,CHEMBL2029198,29,28,57
336,CHEMBL203,1639,3130,4769
337,CHEMBL2034,294,1510,1804
338,CHEMBL2034803,30,10,40
339,CHEMBL2034805,18,49,67
340,CHEMBL2034807,10,13,23
341,CHEMBL2035,233,422,655
342,CHEMBL2039,639,1116,1755
343,CHEMBL204,2027,3759,5786
344,CHEMBL2041,144,238,382
345,CHEMBL2046259,4,35,39
346,CHEMBL2046264,3,96,99
347,CHEMBL2046267,18,11,29
348,CHEMBL2047,78,383,461
349,CHEMBL2049,18,367,385
350,CHEMBL205,589,3712,4301
351,CHEMBL2051,96,217,313
352,CHEMBL2052028,14,24,38
353,CHEMBL2052031,66,27,93
354,CHEMBL2052038,36,38,74
355,CHEMBL2052039,33,38,71
356,CHEMBL2055,109,167,276
357,CHEMBL2056,235,657,892
358,CHEMBL206,397,1366,1763
359,CHEMBL2061,70,330,400
360,CHEMBL2063,11,56,67
361,CHEMBL2064,2,10,12
362,CHEMBL2065,66,99,165
363,CHEMBL2068,114,48,162
364,CHEMBL2069,210,587,797
365,CHEMBL2069161,4,43,47
366,CHEMBL2072,70,32,102
367,CHEMBL2073,65,90,155
368,CHEMBL2074,47,68,115
369,CHEMBL2079848,0,40,40
370,CHEMBL208,283,1032,1315
371,CHEMBL2083,53,93,146
372,CHEMBL2085,102,99,201
373,CHEMBL2088,25,40,65
374,CHEMBL209,535,873,1408
375,CHEMBL2093863,369,882,1251
376,CHEMBL2093864,237,1121,1358
377,CHEMBL2093865,180,379,559
378,CHEMBL2093866,52,71,123
379,CHEMBL2093867,201,115,316
380,CHEMBL2093868,63,354,417
381,CHEMBL2093869,375,1038,1413
382,CHEMBL2093870,172,1151,1323
383,CHEMBL2094108,283,1327,1610
384,CHEMBL2094109,65,173,238
385,CHEMBL2094111,59,41,100
386,CHEMBL2094112,100,404,504
387,CHEMBL2094114,2,30,32
388,CHEMBL2094115,96,279,375
389,CHEMBL2094116,167,750,917
390,CHEMBL2094117,296,768,1064
391,CHEMBL2094118,51,179,230
392,CHEMBL2094120,71,601,672
393,CHEMBL2094121,81,535,616
394,CHEMBL2094122,64,603,667
395,CHEMBL2094123,10,77,87
396,CHEMBL2094125,462,448,910
397,CHEMBL2094126,209,592,801
398,CHEMBL2094127,208,385,593
399,CHEMBL2094128,391,775,1166
400,CHEMBL2094129,105,317,422
401,CHEMBL2094130,72,483,555
402,CHEMBL2094134,101,75,176
403,CHEMBL2094135,15,144,159
404,CHEMBL2094138,362,148,510
405,CHEMBL2094139,5,22,27
406,CHEMBL2094250,60,837,897
407,CHEMBL2094251,64,305,369
408,CHEMBL2094253,58,52,110
409,CHEMBL2094254,16,216,232
410,CHEMBL2094255,132,101,233
411,CHEMBL2094256,14,225,239
412,CHEMBL2094257,67,114,181
413,CHEMBL2094266,81,124,205
414,CHEMBL2094267,44,204,248
415,CHEMBL2094268,8,145,153
416,CHEMBL2095,2,15,17
417,CHEMBL2095150,241,148,389
418,CHEMBL2095154,26,266,292
419,CHEMBL2095157,112,199,311
420,CHEMBL2095158,60,112,172
421,CHEMBL2095159,103,236,339
422,CHEMBL2095160,36,236,272
423,CHEMBL2095164,157,292,449
424,CHEMBL2095165,31,73,104
425,CHEMBL2095166,88,89,177
426,CHEMBL2095167,9,58,67
427,CHEMBL2095171,68,77,145
428,CHEMBL2095172,27,50,77
429,CHEMBL2095173,71,123,194
430,CHEMBL2095177,58,166,224
431,CHEMBL2095178,43,397,440
432,CHEMBL2095179,1,10,11
433,CHEMBL2095180,2,37,39
434,CHEMBL2095181,12,69,81
435,CHEMBL2095184,24,379,403
436,CHEMBL2095185,104,46,150
437,CHEMBL2095188,162,263,425
438,CHEMBL2095189,117,225,342
439,CHEMBL2095190,110,93,203
440,CHEMBL2095192,12,22,34
441,CHEMBL2095193,36,215,251
442,CHEMBL2095194,29,292,321
443,CHEMBL2095196,29,32,61
444,CHEMBL2095197,36,192,228
445,CHEMBL2095198,7,14,21
446,CHEMBL2095199,2,19,21
447,CHEMBL2095200,58,124,182
448,CHEMBL2095204,235,378,613
449,CHEMBL2095205,31,61,92
450,CHEMBL2095216,23,113,136
451,CHEMBL2095217,46,49,95
452,CHEMBL2095221,61,143,204
453,CHEMBL2095226,53,134,187
454,CHEMBL2095228,103,230,333
455,CHEMBL2095229,6,46,52
456,CHEMBL2095231,97,103,200
457,CHEMBL2095942,14,141,155
458,CHEMBL2095943,3,53,56
459,CHEMBL2096,13,21,34
460,CHEMBL2096661,116,285,401
461,CHEMBL2096663,29,42,71
462,CHEMBL2096664,20,227,247
463,CHEMBL2096665,31,87,118
464,CHEMBL2096666,16,66,82
465,CHEMBL2096671,26,141,167
466,CHEMBL2096673,5,10,15
467,CHEMBL2096674,60,68,128
468,CHEMBL2096675,24,170,194
469,CHEMBL2096677,100,21,121
470,CHEMBL2096680,41,43,84
471,CHEMBL2096682,77,67,144
472,CHEMBL2096905,7,35,42
473,CHEMBL2096911,68,66,134
474,CHEMBL2096912,6,10,16
475,CHEMBL2096970,24,36,60
476,CHEMBL2096971,0,19,19
477,CHEMBL2096973,53,41,94
478,CHEMBL2096975,27,21,48
479,CHEMBL2096979,5,60,65
480,CHEMBL2096980,88,91,179
481,CHEMBL2096981,3,20,23
482,CHEMBL2096984,30,22,52
483,CHEMBL2096985,0,38,38
484,CHEMBL2096986,45,59,104
485,CHEMBL2096987,51,124,175
486,CHEMBL2096989,19,89,108
487,CHEMBL2097163,1,34,35
488,CHEMBL2097164,46,41,87
489,CHEMBL2097166,95,84,179
490,CHEMBL2097167,10,14,24
491,CHEMBL2097168,22,22,44
492,CHEMBL2099,21,42,63
493,CHEMBL210,202,820,1022
494,CHEMBL2107,73,146,219
495,CHEMBL2107838,3,59,62
496,CHEMBL2109,67,18,85
497,CHEMBL2109233,1,13,14
498,CHEMBL2109234,14,36,50
499,CHEMBL211,268,1093,1361
500,CHEMBL2110,9,14,23
501,CHEMBL2111288,28,107,135
502,CHEMBL2111322,38,23,61
503,CHEMBL2111327,1,21,22
504,CHEMBL2111328,3,15,18
505,CHEMBL2111333,13,15,28
506,CHEMBL2111339,1,23,24
507,CHEMBL2111343,0,20,20
508,CHEMBL2111344,3,19,22
509,CHEMBL2111351,8,18,26
510,CHEMBL2111353,18,11,29
511,CHEMBL2111354,19,12,31
512,CHEMBL2111357,16,71,87
513,CHEMBL2111358,23,10,33
514,CHEMBL2111360,3,91,94
515,CHEMBL2111363,6,65,71
516,CHEMBL2111366,8,39,47
517,CHEMBL2111367,17,124,141
518,CHEMBL2111369,24,17,41
519,CHEMBL2111370,4,13,17
520,CHEMBL2111372,93,30,123
521,CHEMBL2111373,5,21,26
522,CHEMBL2111374,1,26,27
523,CHEMBL2111377,31,90,121
524,CHEMBL2111381,2,35,37
525,CHEMBL2111385,8,51,59
526,CHEMBL2111386,7,11,18
527,CHEMBL2111387,5,32,37
528,CHEMBL2111389,44,216,260
529,CHEMBL2111390,1,29,30
530,CHEMBL2111391,7,22,29
531,CHEMBL2111393,4,55,59
532,CHEMBL2111407,1,39,40
533,CHEMBL2111413,28,47,75
534,CHEMBL2111414,58,78,136
535,CHEMBL2111416,13,117,130
536,CHEMBL2111420,0,11,11
537,CHEMBL2111429,22,143,165
538,CHEMBL2111431,24,48,72
539,CHEMBL2111432,0,53,53
540,CHEMBL2111448,5,11,16
541,CHEMBL2111450,21,10,31
542,CHEMBL2111456,2,28,30
543,CHEMBL2111457,21,10,31
544,CHEMBL2111459,5,70,75
545,CHEMBL2111461,1,17,18
546,CHEMBL2111463,15,31,46
547,CHEMBL2111473,0,35,35
548,CHEMBL2111474,47,33,80
549,CHEMBL2113,22,29,51
550,CHEMBL2114,0,14,14
551,CHEMBL2116,65,17,82
552,CHEMBL2118,16,18,34
553,CHEMBL212,16,13,29
554,CHEMBL2121,0,10,10
555,CHEMBL2123,1,29,30
556,CHEMBL2125,3,22,25
557,CHEMBL2128,14,27,41
558,CHEMBL213,263,733,996
559,CHEMBL2131,33,15,48
560,CHEMBL214,415,3052,3467
561,CHEMBL2146302,16,11,27
562,CHEMBL2147,214,762,976
563,CHEMBL2148,270,601,871
564,CHEMBL215,361,940,1301
565,CHEMBL2154,3,14,17
566,CHEMBL2157,8,19,27
567,CHEMBL2157850,5,13,18
568,CHEMBL2157851,2,12,14
569,CHEMBL216,409,972,1381
570,CHEMBL2163170,4,23,27
571,CHEMBL2163171,6,15,21
572,CHEMBL2163175,41,21,62
573,CHEMBL2167,16,13,29
574,CHEMBL2169722,16,10,26
575,CHEMBL2169726,30,15,45
576,CHEMBL2169736,34,56,90
577,CHEMBL217,1073,4293,5366
578,CHEMBL2171,81,13,94
579,CHEMBL2176846,3,21,24
580,CHEMBL2176851,14,16,30
581,CHEMBL2176859,2,12,14
582,CHEMBL2176864,15,16,31
583,CHEMBL2179,147,135,282
584,CHEMBL218,879,3005,3884
585,CHEMBL2181,151,96,247
586,CHEMBL2182,99,33,132
587,CHEMBL2185,336,923,1259
588,CHEMBL2186,56,72,128
589,CHEMBL2188,1,13,14
590,CHEMBL2189110,26,27,53
591,CHEMBL2189158,2,19,21
592,CHEMBL2189160,1,22,23
593,CHEMBL2189162,0,53,53
594,CHEMBL219,239,1735,1974
595,CHEMBL220,1341,2057,3398
596,CHEMBL2200,18,46,64
597,CHEMBL2203,20,83,103
598,CHEMBL2205,5,21,26
599,CHEMBL2208,420,654,1074
600,CHEMBL221,1490,653,2143
601,CHEMBL2213,2,38,40
602,CHEMBL2219,47,22,69
603,CHEMBL222,360,2370,2730
604,CHEMBL2221347,3,16,19
605,CHEMBL2221348,5,49,54
606,CHEMBL2225,64,21,85
607,CHEMBL2226,16,10,26
608,CHEMBL223,50,939,989
609,CHEMBL2231,0,10,10
610,CHEMBL2238,1,15,16
611,CHEMBL224,328,2452,2780
612,CHEMBL2242731,4,31,35
613,CHEMBL2242743,46,10,56
614,CHEMBL2242744,6,12,18
615,CHEMBL2243,361,919,1280
616,CHEMBL2246,39,22,61
617,CHEMBL225,471,2221,2692
618,CHEMBL2250,56,55,111
619,CHEMBL2252,21,84,105
620,CHEMBL226,628,2957,3585
621,CHEMBL2263,30,11,41
622,CHEMBL2265,184,227,411
623,CHEMBL2268003,0,21,21
624,CHEMBL2268005,21,22,43
625,CHEMBL2269,5,12,17
626,CHEMBL227,94,499,593
627,CHEMBL2273,3,19,22
628,CHEMBL2274,26,174,200
629,CHEMBL2275,17,74,91
630,CHEMBL2276,297,833,1130
631,CHEMBL2278,4,15,19
632,CHEMBL228,598,3534,4132
633,CHEMBL2281,19,11,30
634,CHEMBL2282,12,12,24
635,CHEMBL2283,6,41,47
636,CHEMBL2284,105,10,115
637,CHEMBL2285,87,381,468
638,CHEMBL2285348,10,36,46
639,CHEMBL2286,0,10,10
640,CHEMBL2288,113,62,175
641,CHEMBL2289,78,32,110
642,CHEMBL229,89,1193,1282
643,CHEMBL2291,0,16,16
644,CHEMBL2292,222,269,491
645,CHEMBL230,1084,2088,3172
646,CHEMBL2301,1,13,14
647,CHEMBL2304402,20,68,88
648,CHEMBL2304404,82,159,241
649,CHEMBL2304405,23,30,53
650,CHEMBL2304406,0,12,12
651,CHEMBL2304407,0,17,17
652,CHEMBL2304421,5,16,21
653,CHEMBL2305,7,23,30
654,CHEMBL2308,18,12,30
655,CHEMBL231,231,808,1039
656,CHEMBL2311235,5,19,24
657,CHEMBL2316,0,20,20
658,CHEMBL2318,56,192,248
659,CHEMBL2319,85,55,140
660,CHEMBL232,161,1060,1221
661,CHEMBL2321612,4,16,20
662,CHEMBL2321630,4,25,29
663,CHEMBL2322,27,20,47
664,CHEMBL2323,31,84,115
665,CHEMBL2325,0,39,39
666,CHEMBL2326,81,423,504
667,CHEMBL2327,130,731,861
668,CHEMBL2329,10,192,202
669,CHEMBL233,590,2830,3420
670,CHEMBL2331,214,119,333
671,CHEMBL2331045,0,28,28
672,CHEMBL2331046,0,28,28
673,CHEMBL2331047,1,19,20
674,CHEMBL2331053,18,10,28
675,CHEMBL2331058,0,11,11
676,CHEMBL2331066,1,11,12
677,CHEMBL2331068,2,18,20
678,CHEMBL2331070,0,32,32
679,CHEMBL2334,255,800,1055
680,CHEMBL2335,40,323,363
681,CHEMBL2336,17,190,207
682,CHEMBL2337,122,619,741
683,CHEMBL234,355,2735,3090
684,CHEMBL2340,1,11,12
685,CHEMBL2343,112,33,145
686,CHEMBL2345,135,187,322
687,CHEMBL2346485,4,11,15
688,CHEMBL2346488,11,20,31
689,CHEMBL2349,58,26,84
690,CHEMBL235,581,1729,2310
691,CHEMBL236,813,2584,3397
692,CHEMBL2360,64,50,114
693,CHEMBL2361,116,41,157
694,CHEMBL2363,440,636,1076
695,CHEMBL2364701,3,30,33
696,CHEMBL2366,47,20,67
697,CHEMBL2366401,0,29,29
698,CHEMBL2366408,43,52,95
699,CHEMBL2366420,0,10,10
700,CHEMBL2366425,0,11,11
701,CHEMBL2366432,0,12,12
702,CHEMBL2366433,4,20,24
703,CHEMBL2366437,10,18,28
704,CHEMBL2366450,0,25,25
705,CHEMBL2366455,5,20,25
706,CHEMBL2366456,25,90,115
707,CHEMBL2366461,57,46,103
708,CHEMBL2366467,6,15,21
709,CHEMBL2366468,1,10,11
710,CHEMBL2366470,3,21,24
711,CHEMBL2366471,5,37,42
712,CHEMBL2366472,8,47,55
713,CHEMBL2366481,49,46,95
714,CHEMBL2366489,0,12,12
715,CHEMBL2366498,0,10,10
716,CHEMBL2366510,0,10,10
717,CHEMBL2366512,13,90,103
718,CHEMBL2366516,1,10,11
719,CHEMBL2366517,7,80,87
720,CHEMBL2366581,56,14,70
721,CHEMBL2366588,0,20,20
722,CHEMBL2367,15,39,54
723,CHEMBL237,550,2623,3173
724,CHEMBL2370,2,34,36
725,CHEMBL2372,26,40,66
726,CHEMBL2373,25,105,130
727,CHEMBL2378,88,28,116
728,CHEMBL238,683,2043,2726
729,CHEMBL2380186,42,17,59
730,CHEMBL2381,9,14,23
731,CHEMBL2382,3,156,159
732,CHEMBL2383,23,78,101
733,CHEMBL2384,9,99,108
734,CHEMBL2384894,0,15,15
735,CHEMBL2384898,79,12,91
736,CHEMBL2386,107,64,171
737,CHEMBL239,655,1091,1746
738,CHEMBL2390812,1,27,28
739,CHEMBL2391,10,99,109
740,CHEMBL2392,128,19,147
741,CHEMBL2395,13,21,34
742,CHEMBL2397,21,103,124
743,CHEMBL240,3172,3519,6691
744,CHEMBL2406893,2,17,19
745,CHEMBL2407,110,58,168
746,CHEMBL2409,170,1310,1480
747,CHEMBL241,158,182,340
748,CHEMBL2411,41,84,125
749,CHEMBL2413,120,570,690
750,CHEMBL2414,112,269,381
751,CHEMBL2417347,2,22,24
752,CHEMBL2417348,4,20,24
753,CHEMBL2417350,0,44,44
754,CHEMBL242,241,1330,1571
755,CHEMBL2421,8,22,30
756,CHEMBL2424,88,48,136
757,CHEMBL2424500,7,10,17
758,CHEMBL2425,151,555,706
759,CHEMBL2426,86,16,102
760,CHEMBL2428,73,55,128
761,CHEMBL243,424,3692,4116
762,CHEMBL2431,146,421,567
763,CHEMBL2434,57,512,569
764,CHEMBL2439,17,65,82
765,CHEMBL2439944,7,22,29
766,CHEMBL244,993,4599,5592
767,CHEMBL2443,28,14,42
768,CHEMBL2447,6,90,96
769,CHEMBL245,238,1066,1304
770,CHEMBL2452,19,15,34
771,CHEMBL2458,11,10,21
772,CHEMBL2459,1,22,23
773,CHEMBL246,57,405,462
774,CHEMBL2461,5,162,167
775,CHEMBL2468,75,47,122
776,CHEMBL247,721,1550,2271
777,CHEMBL2470,30,216,246
778,CHEMBL2473,16,10,26
779,CHEMBL2474,136,100,236
780,CHEMBL248,434,1265,1699
781,CHEMBL2480,19,64,83
782,CHEMBL2487,42,209,251
783,CHEMBL2488,100,146,246
784,CHEMBL2489,70,178,248
785,CHEMBL249,108,2242,2350
786,CHEMBL2490,7,79,86
787,CHEMBL2492,184,345,529
788,CHEMBL2493,65,23,88
789,CHEMBL2494,99,12,111
790,CHEMBL2496,2,19,21
791,CHEMBL2498,1,27,28
792,CHEMBL2499,13,111,124
793,CHEMBL250,37,359,396
794,CHEMBL2501,26,22,48
795,CHEMBL2508,9,18,27
796,CHEMBL251,945,3159,4104
797,CHEMBL2514,47,18,65
798,CHEMBL2517,22,30,52
799,CHEMBL2518,50,12,62
800,CHEMBL252,102,1099,1201
801,CHEMBL2525,94,437,531
802,CHEMBL2526,34,91,125
803,CHEMBL2527,204,262,466
804,CHEMBL2528,9,56,65
805,CHEMBL253,828,3211,4039
806,CHEMBL2534,168,221,389
807,CHEMBL2535,15,13,28
808,CHEMBL2536,11,96,107
809,CHEMBL2539,37,14,51
810,CHEMBL254,93,476,569
811,CHEMBL2543,71,37,108
812,CHEMBL2548,12,48,60
813,CHEMBL255,409,1385,1794
814,CHEMBL2552,32,37,69
815,CHEMBL2553,101,57,158
816,CHEMBL2555,25,36,61
817,CHEMBL2558,63,22,85
818,CHEMBL256,703,2875,3578
819,CHEMBL2560,0,35,35
820,CHEMBL2563,117,93,210
821,CHEMBL2564,182,873,1055
822,CHEMBL2567,0,212,212
823,CHEMBL2568,67,454,521
824,CHEMBL2569,18,153,171
825,CHEMBL257,71,501,572
826,CHEMBL2570,2,31,33
827,CHEMBL2573,30,41,71
828,CHEMBL2575,91,135,226
829,CHEMBL2576,1,48,49
830,CHEMBL2577,4,72,76
831,CHEMBL2578,1,81,82
832,CHEMBL258,619,1328,1947
833,CHEMBL2581,417,849,1266
834,CHEMBL2584,0,14,14
835,CHEMBL259,181,1760,1941
836,CHEMBL2590,510,305,815
837,CHEMBL2592,12,19,31
838,CHEMBL2593,49,22,71
839,CHEMBL2594,1,18,19
840,CHEMBL2595,55,27,82
841,CHEMBL2598,74,10,84
842,CHEMBL2599,215,419,634
843,CHEMBL260,701,3142,3843
844,CHEMBL2601,16,14,30
845,CHEMBL2602,8,22,30
846,CHEMBL2605,12,15,27
847,CHEMBL2608,47,21,68
848,CHEMBL2609,1,19,20
849,CHEMBL261,827,2897,3724
850,CHEMBL2611,32,94,126
851,CHEMBL2617,23,200,223
852,CHEMBL262,668,1619,2287
853,CHEMBL2622,342,305,647
854,CHEMBL2623,36,45,81
855,CHEMBL2625,70,300,370
856,CHEMBL2626,59,121,180
857,CHEMBL2627,0,54,54
858,CHEMBL263,25,413,438
859,CHEMBL2633,31,13,44
860,CHEMBL2634,93,49,142
861,CHEMBL2635,216,76,292
862,CHEMBL2637,266,655,921
863,CHEMBL264,186,3028,3214
864,CHEMBL2647,4,23,27
865,CHEMBL2649,166,35,201
866,CHEMBL265,353,635,988
867,CHEMBL2652,146,148,294
868,CHEMBL2654,12,31,43
869,CHEMBL2659,4,29,33
870,CHEMBL266,5,60,65
871,CHEMBL2660,7,10,17
872,CHEMBL2662,11,11,22
873,CHEMBL2664,60,92,152
874,CHEMBL2669,27,18,45
875,CHEMBL267,1158,2003,3161
876,CHEMBL2672,0,32,32
877,CHEMBL2675,16,20,36
878,CHEMBL2676,2,81,83
879,CHEMBL268,379,1527,1906
880,CHEMBL2689,83,64,147
881,CHEMBL269,273,1384,1657
882,CHEMBL2693,36,77,113
883,CHEMBL2695,248,295,543
884,CHEMBL270,330,1940,2270
885,CHEMBL2706,27,41,68
886,CHEMBL2708,76,62,138
887,CHEMBL2710,2,18,20
888,CHEMBL2714,71,106,177
889,CHEMBL2716,131,84,215
890,CHEMBL2717,30,94,124
891,CHEMBL2721,82,33,115
892,CHEMBL2722,59,532,591
893,CHEMBL2723,12,19,31
894,CHEMBL2724,3,49,52
895,CHEMBL2725,44,114,158
896,CHEMBL2728,15,12,27
897,CHEMBL273,504,3729,4233
898,CHEMBL2730,98,231,329
899,CHEMBL2731,1,25,26
900,CHEMBL2734,14,93,107
901,CHEMBL2736,137,189,326
902,CHEMBL2738,154,33,187
903,CHEMBL274,186,1650,1836
904,CHEMBL2741,6,28,34
905,CHEMBL2742,87,47,134
906,CHEMBL2745,65,16,81
907,CHEMBL2748,11,39,50
908,CHEMBL2749,178,261,439
909,CHEMBL275,89,824,913
910,CHEMBL2753,54,18,72
911,CHEMBL2755,113,31,144
912,CHEMBL2756,127,152,279
913,CHEMBL2758,9,26,35
914,CHEMBL276,191,664,855
915,CHEMBL277,10,26,36
916,CHEMBL2777,61,22,83
917,CHEMBL2778,29,204,233
918,CHEMBL278,3,190,193
919,CHEMBL2780,0,27,27
920,CHEMBL2781,41,195,236
921,CHEMBL2782,137,235,372
922,CHEMBL2787,45,64,109
923,CHEMBL2789,25,315,340
924,CHEMBL279,1209,4028,5237
925,CHEMBL2792,13,14,27
926,CHEMBL2793,78,59,137
927,CHEMBL2794,4,29,33
928,CHEMBL2798,11,55,66
929,CHEMBL2799,3,26,29
930,CHEMBL280,352,2074,2426
931,CHEMBL2801,78,102,180
932,CHEMBL2802,74,167,241
933,CHEMBL2803,203,174,377
934,CHEMBL2805,0,17,17
935,CHEMBL2808,104,442,546
936,CHEMBL281,55,1153,1208
937,CHEMBL2810,32,59,91
938,CHEMBL2813,1,20,21
939,CHEMBL2814,22,27,49
940,CHEMBL2815,121,274,395
941,CHEMBL2820,79,112,191
942,CHEMBL2828,123,151,274
943,CHEMBL283,486,1587,2073
944,CHEMBL2830,79,69,148
945,CHEMBL2835,171,432,603
946,CHEMBL284,779,3123,3902
947,CHEMBL2842,368,1242,1610
948,CHEMBL285,246,633,879
949,CHEMBL2850,198,206,404
950,CHEMBL2851,83,377,460
951,CHEMBL2854,45,528,573
952,CHEMBL2857,137,271,408
953,CHEMBL2858,42,437,479
954,CHEMBL286,227,2089,2316
955,CHEMBL2860,40,36,76
956,CHEMBL2864,38,45,83
957,CHEMBL2866,5,39,44
958,CHEMBL2868,32,268,300
959,CHEMBL287,146,1858,2004
960,CHEMBL2870,54,37,91
961,CHEMBL2871,265,924,1189
962,CHEMBL2872,75,69,144
963,CHEMBL2873,65,32,97
964,CHEMBL2878,1,41,42
965,CHEMBL288,158,460,618
966,CHEMBL2880,6,16,22
967,CHEMBL2882,52,73,125
968,CHEMBL2883,118,23,141
969,CHEMBL2885,110,54,164
970,CHEMBL2888,22,34,56
971,CHEMBL2889,74,97,171
972,CHEMBL2890,9,10,19
973,CHEMBL2896,66,14,80
974,CHEMBL2897,71,22,93
975,CHEMBL2898,24,27,51
976,CHEMBL2899,20,26,46
977,CHEMBL290,19,98,117
978,CHEMBL2902,85,221,306
979,CHEMBL2903,162,149,311
980,CHEMBL291,19,94,113
981,CHEMBL2911,0,21,21
982,CHEMBL2912,4,43,47
983,CHEMBL2915,1,18,19
984,CHEMBL2916,218,343,561
985,CHEMBL2918,78,11,89
986,CHEMBL2919,43,58,101
987,CHEMBL2922,0,12,12
988,CHEMBL2933,5,12,17
989,CHEMBL2934,6,33,39
990,CHEMBL2935,2,79,81
991,CHEMBL2937,2,16,18
992,CHEMBL2938,50,179,229
993,CHEMBL2939,99,51,150
994,CHEMBL2940,18,52,70
995,CHEMBL2949,1171,361,1532
996,CHEMBL2954,286,1499,1785
997,CHEMBL2955,130,52,182
998,CHEMBL2959,213,555,768
999,CHEMBL2963,17,17,34
1000,CHEMBL2964,55,52,107
1001,CHEMBL2966,228,131,359
1002,CHEMBL2967,179,109,288
1003,CHEMBL2971,252,1038,1290
1004,CHEMBL2973,199,664,863
1005,CHEMBL2977,8,33,41
1006,CHEMBL2978,52,76,128
1007,CHEMBL298,289,1007,1296
1008,CHEMBL2980,53,62,115
1009,CHEMBL2982,60,28,88
1010,CHEMBL2987,7,10,17
1011,CHEMBL2988,27,12,39
1012,CHEMBL299,396,668,1064
1013,CHEMBL2991,19,62,81
1014,CHEMBL2992,41,10,51
1015,CHEMBL2993,417,508,925
1016,CHEMBL2994,5,27,32
1017,CHEMBL2995,0,10,10
1018,CHEMBL2996,178,561,739
1019,CHEMBL2997,21,19,40
1020,CHEMBL2998,6,32,38
1021,CHEMBL2999,68,21,89
1022,CHEMBL300,0,16,16
1023,CHEMBL3000,7,16,23
1024,CHEMBL3004,134,137,271
1025,CHEMBL3009,79,70,149
1026,CHEMBL301,784,1154,1938
1027,CHEMBL3012,61,285,346
1028,CHEMBL3013,26,18,44
1029,CHEMBL3014,6,25,31
1030,CHEMBL3018,18,205,223
1031,CHEMBL302,361,1333,1694
1032,CHEMBL3021,5,41,46
1033,CHEMBL3023,26,60,86
1034,CHEMBL3024,381,467,848
1035,CHEMBL3025,82,194,276
1036,CHEMBL3026,2,38,40
1037,CHEMBL3027,3,22,25
1038,CHEMBL3028,16,58,74
1039,CHEMBL303,10,38,48
1040,CHEMBL3032,77,34,111
1041,CHEMBL3034,6,34,40
1042,CHEMBL3037,40,129,169
1043,CHEMBL3038455,1,14,15
1044,CHEMBL3038461,3,10,13
1045,CHEMBL3038469,89,92,181
1046,CHEMBL3038476,20,16,36
1047,CHEMBL3038479,0,20,20
1048,CHEMBL3038482,1,34,35
1049,CHEMBL3038484,5,31,36
1050,CHEMBL3038485,3,17,20
1051,CHEMBL3038488,16,49,65
1052,CHEMBL3038489,15,50,65
1053,CHEMBL3038491,0,17,17
1054,CHEMBL3038499,9,75,84
1055,CHEMBL3038506,8,33,41
1056,CHEMBL3038508,11,24,35
1057,CHEMBL3038510,0,17,17
1058,CHEMBL304,182,991,1173
1059,CHEMBL3041,1,59,60
1060,CHEMBL3045,116,326,442
1061,CHEMBL3047,32,19,51
1062,CHEMBL3048,196,297,493
1063,CHEMBL3050,5,12,17
1064,CHEMBL3055,77,97,174
1065,CHEMBL3056,20,30,50
1066,CHEMBL3060,340,92,432
1067,CHEMBL3062,74,32,106
1068,CHEMBL3063,5,13,18
1069,CHEMBL3065,0,10,10
1070,CHEMBL3066,50,463,513
1071,CHEMBL3067,46,72,118
1072,CHEMBL3068,24,17,41
1073,CHEMBL307,50,127,177
1074,CHEMBL3070,29,111,140
1075,CHEMBL3071,11,18,29
1076,CHEMBL3072,103,190,293
1077,CHEMBL3074,7,28,35
1078,CHEMBL3078,3,10,13
1079,CHEMBL308,515,788,1303
1080,CHEMBL3081,166,168,334
1081,CHEMBL3084,13,20,33
1082,CHEMBL3085,82,46,128
1083,CHEMBL3085613,9,71,80
1084,CHEMBL309,96,413,509
1085,CHEMBL3091,1,23,24
1086,CHEMBL3091268,17,21,38
1087,CHEMBL3092,10,33,43
1088,CHEMBL3094,115,23,138
1089,CHEMBL3097982,3,37,40
1090,CHEMBL310,37,10,47
1091,CHEMBL3100,6,35,41
1092,CHEMBL3105,207,1388,1595
1093,CHEMBL3106,104,74,178
1094,CHEMBL3108659,16,26,42
1095,CHEMBL311,74,204,278
1096,CHEMBL3111,5,10,15
1097,CHEMBL3112376,14,35,49
1098,CHEMBL3112387,17,13,30
1099,CHEMBL3114,128,70,198
1100,CHEMBL3116,80,71,151
1101,CHEMBL3117,35,30,65
1102,CHEMBL3118,4,16,20
1103,CHEMBL3119,5,28,33
1104,CHEMBL312,331,970,1301
1105,CHEMBL3122,40,122,162
1106,CHEMBL3123,63,20,83
1107,CHEMBL3125,79,12,91
1108,CHEMBL313,345,3099,3444
1109,CHEMBL3130,310,1021,1331
1110,CHEMBL3137268,13,32,45
1111,CHEMBL3138,33,639,672
1112,CHEMBL3142,162,620,782
1113,CHEMBL3144,0,19,19
1114,CHEMBL3145,371,880,1251
1115,CHEMBL3148,13,20,33
1116,CHEMBL315,14,71,85
1117,CHEMBL3150,2,47,49
1118,CHEMBL3151,37,17,54
1119,CHEMBL3154,14,13,27
1120,CHEMBL3155,215,1271,1486
1121,CHEMBL3157,81,381,462
1122,CHEMBL3160,60,407,467
1123,CHEMBL3161,40,17,57
1124,CHEMBL3166,152,44,196
1125,CHEMBL317,13,40,53
1126,CHEMBL3171,17,24,41
1127,CHEMBL3176,4,33,37
1128,CHEMBL3179,5,20,25
1129,CHEMBL318,706,2247,2953
1130,CHEMBL3180,47,107,154
1131,CHEMBL3181,70,284,354
1132,CHEMBL3183,4,20,24
1133,CHEMBL3189,57,22,79
1134,CHEMBL319,61,437,498
1135,CHEMBL3190,14,35,49
1136,CHEMBL3192,246,573,819
1137,CHEMBL3194,18,24,42
1138,CHEMBL3195,4,24,28
1139,CHEMBL3197,2,19,21
1140,CHEMBL3198,87,175,262
1141,CHEMBL3199,284,759,1043
1142,CHEMBL320,81,176,257
1143,CHEMBL3201,25,55,80
1144,CHEMBL3202,202,230,432
1145,CHEMBL3203,34,36,70
1146,CHEMBL3204,37,27,64
1147,CHEMBL321,748,2034,2782
1148,CHEMBL3216,19,12,31
1149,CHEMBL3218,14,14,28
1150,CHEMBL322,292,1466,1758
1151,CHEMBL3222,105,470,575
1152,CHEMBL3223,46,340,386
1153,CHEMBL3224,5,38,43
1154,CHEMBL3226,6,25,31
1155,CHEMBL3227,282,732,1014
1156,CHEMBL3227915,46,36,82
1157,CHEMBL3229,408,1144,1552
1158,CHEMBL323,0,61,61
1159,CHEMBL3230,52,161,213
1160,CHEMBL3231,193,426,619
1161,CHEMBL3232689,4,11,15
1162,CHEMBL3232700,5,34,39
1163,CHEMBL3234,123,275,398
1164,CHEMBL3235,29,20,49
1165,CHEMBL324,106,455,561
1166,CHEMBL3241,1,35,36
1167,CHEMBL3242,95,1341,1436
1168,CHEMBL3243,176,116,292
1169,CHEMBL3243909,44,35,79
1170,CHEMBL3243910,0,52,52
1171,CHEMBL3243913,3,24,27
1172,CHEMBL3246,9,14,23
1173,CHEMBL3247,121,678,799
1174,CHEMBL325,345,1758,2103
1175,CHEMBL3250,13,88,101
1176,CHEMBL3251,98,24,122
1177,CHEMBL3252,91,53,144
1178,CHEMBL3253,45,23,68
1179,CHEMBL3254,17,211,228
1180,CHEMBL3255,13,18,31
1181,CHEMBL3259470,0,22,22
1182,CHEMBL3259471,0,22,22
1183,CHEMBL326,26,297,323
1184,CHEMBL3262,40,49,89
1185,CHEMBL3263,0,80,80
1186,CHEMBL3266,7,13,20
1187,CHEMBL3267,381,1098,1479
1188,CHEMBL3268,104,109,213
1189,CHEMBL327,33,37,70
1190,CHEMBL3272,45,113,158
1191,CHEMBL3286,462,727,1189
1192,CHEMBL3286061,12,10,22
1193,CHEMBL3286067,13,19,32
1194,CHEMBL3288,7,22,29
1195,CHEMBL329,77,57,134
1196,CHEMBL3290,91,28,119
1197,CHEMBL3295,17,26,43
1198,CHEMBL3297639,2,15,17
1199,CHEMBL330,217,551,768
1200,CHEMBL3301396,9,24,33
1201,CHEMBL3305,14,87,101
1202,CHEMBL3308,141,111,252
1203,CHEMBL331,236,375,611
1204,CHEMBL3310,54,88,142
1205,CHEMBL3311,0,17,17
1206,CHEMBL3313,0,89,89
1207,CHEMBL3314,173,143,316
1208,CHEMBL3317,13,19,32
1209,CHEMBL3318,427,137,564
1210,CHEMBL332,1507,2136,3643
1211,CHEMBL3321,55,28,83
1212,CHEMBL3326,20,34,54
1213,CHEMBL333,1083,2602,3685
1214,CHEMBL3331,11,18,29
1215,CHEMBL3332,14,358,372
1216,CHEMBL3333,22,60,82
1217,CHEMBL3337,24,91,115
1218,CHEMBL3338,53,181,234
1219,CHEMBL3344,44,37,81
1220,CHEMBL3345,7,34,41
1221,CHEMBL3346,2,10,12
1222,CHEMBL3348,73,41,114
1223,CHEMBL3349,5,96,101
1224,CHEMBL335,1247,1385,2632
1225,CHEMBL3351,111,197,308
1226,CHEMBL3357,55,37,92
1227,CHEMBL3358,471,502,973
1228,CHEMBL3359,51,60,111
1229,CHEMBL3360,119,263,382
1230,CHEMBL3361,7,121,128
1231,CHEMBL3365,5,14,19
1232,CHEMBL3367,5,70,75
1233,CHEMBL3368,5,54,59
1234,CHEMBL3369,66,341,407
1235,CHEMBL3371,198,2002,2200
1236,CHEMBL3372,7,23,30
1237,CHEMBL3373,10,51,61
1238,CHEMBL3374,24,270,294
1239,CHEMBL3377,94,126,220
1240,CHEMBL3378,7,30,37
1241,CHEMBL338,294,2498,2792
1242,CHEMBL3381,26,20,46
1243,CHEMBL3382,5,36,41
1244,CHEMBL3383,22,33,55
1245,CHEMBL3384,78,28,106
1246,CHEMBL3385,158,43,201
1247,CHEMBL339,932,3581,4513
1248,CHEMBL3391,6,19,25
1249,CHEMBL3392,86,90,176
1250,CHEMBL3394,35,37,72
1251,CHEMBL3399,19,28,47
1252,CHEMBL340,7,12,19
1253,CHEMBL3401,85,82,167
1254,CHEMBL3403,156,110,266
1255,CHEMBL3404,10,10,20
1256,CHEMBL341,1,20,21
1257,CHEMBL3412,0,29,29
1258,CHEMBL3414,4,56,60
1259,CHEMBL3415,7,70,77
1260,CHEMBL3416,0,33,33
1261,CHEMBL3419,25,84,109
1262,CHEMBL3421,25,13,38
1263,CHEMBL3422,0,19,19
1264,CHEMBL3423,58,154,212
1265,CHEMBL3426,86,207,293
1266,CHEMBL3427,55,112,167
1267,CHEMBL3429,9,75,84
1268,CHEMBL343,1,20,21
1269,CHEMBL3436,7,43,50
1270,CHEMBL3437,39,123,162
1271,CHEMBL3438,112,55,167
1272,CHEMBL3439,2,57,59
1273,CHEMBL344,152,2233,2385
1274,CHEMBL3444,24,21,45
1275,CHEMBL3446,77,65,142
1276,CHEMBL3452,0,12,12
1277,CHEMBL3455,34,121,155
1278,CHEMBL3456,6,48,54
1279,CHEMBL3457,9,62,71
1280,CHEMBL3459,119,266,385
1281,CHEMBL3460,7,14,21
1282,CHEMBL3461,6,45,51
1283,CHEMBL3464,417,209,626
1284,CHEMBL3465,4,150,154
1285,CHEMBL3467,20,18,38
1286,CHEMBL3468,80,367,447
1287,CHEMBL3471,730,489,1219
1288,CHEMBL3473,63,876,939
1289,CHEMBL3474,110,238,348
1290,CHEMBL3475,105,148,253
1291,CHEMBL3476,181,271,452
1292,CHEMBL3478,45,189,234
1293,CHEMBL3480,11,27,38
1294,CHEMBL3481,59,60,119
1295,CHEMBL3482,71,23,94
1296,CHEMBL3486,78,107,185
1297,CHEMBL3490,257,25,282
1298,CHEMBL3491,3,16,19
1299,CHEMBL3492,85,45,130
1300,CHEMBL3499,8,32,40
1301,CHEMBL3501,105,353,458
1302,CHEMBL3503,33,29,62
1303,CHEMBL3504,15,23,38
1304,CHEMBL3505,18,19,37
1305,CHEMBL3507,8,15,23
1306,CHEMBL3508,171,193,364
1307,CHEMBL3510,54,428,482
1308,CHEMBL3511,32,17,49
1309,CHEMBL3513,132,48,180
1310,CHEMBL3514,21,289,310
1311,CHEMBL3516,23,37,60
1312,CHEMBL3518,25,10,35
1313,CHEMBL3521,153,50,203
1314,CHEMBL3522,75,353,428
1315,CHEMBL3524,191,252,443
1316,CHEMBL3526,21,98,119
1317,CHEMBL3528,16,14,30
1318,CHEMBL3529,117,89,206
1319,CHEMBL3534,9,42,51
1320,CHEMBL3535,56,60,116
1321,CHEMBL3541,19,46,65
1322,CHEMBL3542,66,15,81
1323,CHEMBL3544,5,18,23
1324,CHEMBL3545,28,30,58
1325,CHEMBL3548,41,70,111
1326,CHEMBL3549,0,17,17
1327,CHEMBL3553,152,240,392
1328,CHEMBL3559,139,238,377
1329,CHEMBL3563,280,274,554
1330,CHEMBL3564,66,27,93
1331,CHEMBL3565,0,56,56
1332,CHEMBL3568,344,666,1010
1333,CHEMBL3569,5,31,36
1334,CHEMBL3570,1,19,20
1335,CHEMBL3571,402,1339,1741
1336,CHEMBL3572,282,566,848
1337,CHEMBL3577,11,21,32
1338,CHEMBL3578,18,28,46
1339,CHEMBL3582,184,268,452
1340,CHEMBL3587,189,522,711
1341,CHEMBL3589,96,376,472
1342,CHEMBL3590,27,160,187
1343,CHEMBL3592,22,13,35
1344,CHEMBL3593,18,127,145
1345,CHEMBL3594,216,1789,2005
1346,CHEMBL3595,9,15,24
1347,CHEMBL3597,2,38,40
1348,CHEMBL3602,61,747,808
1349,CHEMBL3604,18,67,85
1350,CHEMBL3607,74,45,119
1351,CHEMBL3608,45,12,57
1352,CHEMBL3614,76,167,243
1353,CHEMBL3616,98,212,310
1354,CHEMBL3622,7,23,30
1355,CHEMBL3623,42,62,104
1356,CHEMBL3626,0,29,29
1357,CHEMBL3629,96,168,264
1358,CHEMBL3636,58,86,144
1359,CHEMBL3637,2,15,17
1360,CHEMBL3638,0,52,52
1361,CHEMBL3640,76,17,93
1362,CHEMBL3646,16,30,46
1363,CHEMBL3649,166,140,306
1364,CHEMBL3650,398,626,1024
1365,CHEMBL3651,2,14,16
1366,CHEMBL3652,25,18,43
1367,CHEMBL3655,58,199,257
1368,CHEMBL3656,63,87,150
1369,CHEMBL3658,36,118,154
1370,CHEMBL3660,15,41,56
1371,CHEMBL3663,61,120,181
1372,CHEMBL3667,7,27,34
1373,CHEMBL3674,15,17,32
1374,CHEMBL3676,3,59,62
1375,CHEMBL3683,62,80,142
1376,CHEMBL3684,6,16,22
1377,CHEMBL3687,158,109,267
1378,CHEMBL3688,3,30,33
1379,CHEMBL3690,22,28,50
1380,CHEMBL3691,35,124,159
1381,CHEMBL3693,19,47,66
1382,CHEMBL3699,132,13,145
1383,CHEMBL3701,2,18,20
1384,CHEMBL3706,116,1226,1342
1385,CHEMBL3710,131,471,602
1386,CHEMBL3717,413,1561,1974
1387,CHEMBL3718,13,36,49
1388,CHEMBL3719,6,41,47
1389,CHEMBL3720,13,38,51
1390,CHEMBL3724,2,51,53
1391,CHEMBL3726,9,29,38
1392,CHEMBL3728,30,16,46
1393,CHEMBL3729,117,272,389
1394,CHEMBL3730,15,11,26
1395,CHEMBL3733,9,44,53
1396,CHEMBL3735,118,51,169
1397,CHEMBL3736,9,56,65
1398,CHEMBL3737,18,53,71
1399,CHEMBL3738,0,47,47
1400,CHEMBL3740,22,35,57
1401,CHEMBL3741,11,18,29
1402,CHEMBL3744,27,34,61
1403,CHEMBL3746,338,99,437
1404,CHEMBL3747,4,14,18
1405,CHEMBL3751,1,30,31
1406,CHEMBL3753,23,53,76
1407,CHEMBL3759,215,928,1143
1408,CHEMBL3761,53,40,93
1409,CHEMBL3762,33,55,88
1410,CHEMBL3764,30,303,333
1411,CHEMBL3766,162,326,488
1412,CHEMBL3768,15,290,305
1413,CHEMBL3769,221,608,829
1414,CHEMBL3771,77,112,189
1415,CHEMBL3772,117,127,244
1416,CHEMBL3774,4,17,21
1417,CHEMBL3775,161,125,286
1418,CHEMBL3776,185,238,423
1419,CHEMBL3778,93,147,240
1420,CHEMBL3780,14,84,98
1421,CHEMBL3781,0,10,10
1422,CHEMBL3783,25,35,60
1423,CHEMBL3784,19,21,40
1424,CHEMBL3785,44,263,307
1425,CHEMBL3788,64,79,143
1426,CHEMBL3795,99,221,320
1427,CHEMBL3797,85,20,105
1428,CHEMBL3798,29,521,550
1429,CHEMBL3799,7,22,29
1430,CHEMBL3802,2,93,95
1431,CHEMBL3805,4,37,41
1432,CHEMBL3807,239,311,550
1433,CHEMBL3808,17,25,42
1434,CHEMBL3813,7,88,95
1435,CHEMBL3815,110,464,574
1436,CHEMBL3816,70,194,264
1437,CHEMBL3817,26,52,78
1438,CHEMBL3818,12,21,33
1439,CHEMBL3819,25,56,81
1440,CHEMBL3820,82,591,673
1441,CHEMBL3829,65,16,81
1442,CHEMBL3830,48,35,83
1443,CHEMBL3831,73,25,98
1444,CHEMBL3833,0,12,12
1445,CHEMBL3834,70,30,100
1446,CHEMBL3835,123,90,213
1447,CHEMBL3836,128,84,212
1448,CHEMBL3837,647,1013,1660
1449,CHEMBL3840,11,17,28
1450,CHEMBL3847,2,12,14
1451,CHEMBL3848,0,13,13
1452,CHEMBL3849,36,21,57
1453,CHEMBL3855,27,37,64
1454,CHEMBL3858,26,18,44
1455,CHEMBL3859,31,91,122
1456,CHEMBL3860,3,44,47
1457,CHEMBL3863,83,109,192
1458,CHEMBL3864,131,71,202
1459,CHEMBL3868,18,87,105
1460,CHEMBL3869,276,493,769
1461,CHEMBL3870,5,32,37
1462,CHEMBL3871,38,11,49
1463,CHEMBL3872,16,28,44
1464,CHEMBL3878,4,47,51
1465,CHEMBL3880,89,306,395
1466,CHEMBL3881,8,29,37
1467,CHEMBL3882,2,11,13
1468,CHEMBL3884,101,744,845
1469,CHEMBL3886,73,34,107
1470,CHEMBL3890,159,123,282
1471,CHEMBL3891,76,493,569
1472,CHEMBL3892,203,462,665
1473,CHEMBL3895,1,10,11
1474,CHEMBL3896,0,26,26
1475,CHEMBL3897,24,122,146
1476,CHEMBL3898,52,351,403
1477,CHEMBL3902,44,39,83
1478,CHEMBL3905,139,227,366
1479,CHEMBL3906,69,15,84
1480,CHEMBL3910,66,950,1016
1481,CHEMBL3911,18,303,321
1482,CHEMBL3912,17,177,194
1483,CHEMBL3913,28,90,118
1484,CHEMBL3916,19,63,82
1485,CHEMBL3917,17,27,44
1486,CHEMBL3918,75,23,98
1487,CHEMBL3919,6,30,36
1488,CHEMBL3920,124,480,604
1489,CHEMBL3921,47,141,188
1490,CHEMBL3922,103,399,502
1491,CHEMBL3923,19,155,174
1492,CHEMBL3924,44,17,61
1493,CHEMBL3927,65,26,91
1494,CHEMBL3932,12,21,33
1495,CHEMBL3933,3,76,79
1496,CHEMBL3935,54,77,131
1497,CHEMBL3938,57,28,85
1498,CHEMBL3942,30,134,164
1499,CHEMBL3943,74,260,334
1500,CHEMBL3945,35,20,55
1501,CHEMBL3948,38,787,825
1502,CHEMBL3949,138,292,430
1503,CHEMBL3952,298,1466,1764
1504,CHEMBL3956,74,13,87
1505,CHEMBL3959,54,217,271
1506,CHEMBL3961,89,154,243
1507,CHEMBL3963,1,34,35
1508,CHEMBL3965,46,40,86
1509,CHEMBL3969,45,161,206
1510,CHEMBL3972,30,68,98
1511,CHEMBL3973,73,22,95
1512,CHEMBL3974,34,482,516
1513,CHEMBL3975,143,338,481
1514,CHEMBL3976,1021,548,1569
1515,CHEMBL3979,284,654,938
1516,CHEMBL3980,59,22,81
1517,CHEMBL3981,33,49,82
1518,CHEMBL3982,61,24,85
1519,CHEMBL3983,66,170,236
1520,CHEMBL3985,11,44,55
1521,CHEMBL3986,1,19,20
1522,CHEMBL3987,62,22,84
1523,CHEMBL3988,65,27,92
1524,CHEMBL3991,123,306,429
1525,CHEMBL3993,3,10,13
1526,CHEMBL3994,12,37,49
1527,CHEMBL3996,61,351,412
1528,CHEMBL3997,5,39,44
1529,CHEMBL3998,82,219,301
1530,CHEMBL4000,2,44,46
1531,CHEMBL4001,0,23,23
1532,CHEMBL4004,53,26,79
1533,CHEMBL4005,583,2071,2654
1534,CHEMBL4009,24,12,36
1535,CHEMBL401,89,87,176
1536,CHEMBL4010,0,33,33
1537,CHEMBL4012,0,19,19
1538,CHEMBL4013,2,28,30
1539,CHEMBL4014,52,46,98
1540,CHEMBL4015,133,1263,1396
1541,CHEMBL4016,100,126,226
1542,CHEMBL4017,3,44,47
1543,CHEMBL4018,106,139,245
1544,CHEMBL402,25,183,208
1545,CHEMBL4026,182,162,344
1546,CHEMBL4027,45,97,142
1547,CHEMBL4028,18,129,147
1548,CHEMBL4029,36,191,227
1549,CHEMBL4032,14,12,26
1550,CHEMBL4033,22,111,133
1551,CHEMBL4035,4,64,68
1552,CHEMBL4036,231,124,355
1553,CHEMBL4038,0,17,17
1554,CHEMBL4039,32,20,52
1555,CHEMBL4040,378,192,570
1556,CHEMBL4042,40,14,54
1557,CHEMBL4045,62,23,85
1558,CHEMBL4047,26,53,79
1559,CHEMBL4050,69,19,88
1560,CHEMBL4051,34,55,89
1561,CHEMBL4054,5,98,103
1562,CHEMBL4062,7,78,85
1563,CHEMBL4065,10,18,28
1564,CHEMBL4068,75,351,426
1565,CHEMBL4070,61,63,124
1566,CHEMBL4071,132,126,258
1567,CHEMBL4072,794,724,1518
1568,CHEMBL4073,242,398,640
1569,CHEMBL4074,137,507,644
1570,CHEMBL4077,47,172,219
1571,CHEMBL4078,936,1520,2456
1572,CHEMBL4079,26,34,60
1573,CHEMBL4080,6,145,151
1574,CHEMBL4081,54,91,145
1575,CHEMBL4086,23,35,58
1576,CHEMBL4087,0,18,18
1577,CHEMBL4088,27,33,60
1578,CHEMBL4090,98,27,125
1579,CHEMBL4091,28,45,73
1580,CHEMBL4092,17,46,63
1581,CHEMBL4093,122,401,523
1582,CHEMBL4096,6,13,19
1583,CHEMBL4098,2,29,31
1584,CHEMBL4100,3,10,13
1585,CHEMBL4101,115,62,177
1586,CHEMBL4102,295,330,625
1587,CHEMBL4105,61,92,153
1588,CHEMBL4106,100,157,257
1589,CHEMBL4108,0,36,36
1590,CHEMBL4111,14,206,220
1591,CHEMBL4114,25,30,55
1592,CHEMBL4117,7,45,52
1593,CHEMBL4121,68,16,84
1594,CHEMBL4123,52,45,97
1595,CHEMBL4124,51,1477,1528
1596,CHEMBL4128,240,578,818
1597,CHEMBL4130,33,236,269
1598,CHEMBL4132,53,135,188
1599,CHEMBL4133,62,43,105
1600,CHEMBL4134,54,28,82
1601,CHEMBL4135,39,65,104
1602,CHEMBL4136,12,34,46
1603,CHEMBL4137,29,13,42
1604,CHEMBL4139,26,12,38
1605,CHEMBL4140,42,166,208
1606,CHEMBL4142,71,76,147
1607,CHEMBL4143,2,30,32
1608,CHEMBL4145,89,77,166
1609,CHEMBL4147,64,24,88
1610,CHEMBL4150,72,85,157
1611,CHEMBL4151,29,13,42
1612,CHEMBL4153,158,1019,1177
1613,CHEMBL4158,51,64,115
1614,CHEMBL4161,114,52,166
1615,CHEMBL4162,23,16,39
1616,CHEMBL4167,15,13,28
1617,CHEMBL4176,74,65,139
1618,CHEMBL4177,9,11,20
1619,CHEMBL4179,266,454,720
1620,CHEMBL4181,23,19,42
1621,CHEMBL4187,34,74,108
1622,CHEMBL4188,19,124,143
1623,CHEMBL4191,147,220,367
1624,CHEMBL4197,20,34,54
1625,CHEMBL4198,141,305,446
1626,CHEMBL4199,3,11,14
1627,CHEMBL4201,5,12,17
1628,CHEMBL4202,34,52,86
1629,CHEMBL4203,89,149,238
1630,CHEMBL4204,78,38,116
1631,CHEMBL4208,83,50,133
1632,CHEMBL4211,0,47,47
1633,CHEMBL4222,63,32,95
1634,CHEMBL4223,38,47,85
1635,CHEMBL4224,141,171,312
1636,CHEMBL4225,52,96,148
1637,CHEMBL4226,82,45,127
1638,CHEMBL4227,40,13,53
1639,CHEMBL4228,48,15,63
1640,CHEMBL4229,1,14,15
1641,CHEMBL4234,18,163,181
1642,CHEMBL4235,175,1987,2162
1643,CHEMBL4237,120,76,196
1644,CHEMBL4241,15,28,43
1645,CHEMBL4244,0,34,34
1646,CHEMBL4245,0,14,14
1647,CHEMBL4246,79,16,95
1648,CHEMBL4247,179,510,689
1649,CHEMBL4261,93,115,208
1650,CHEMBL4263,57,37,94
1651,CHEMBL4265,10,11,21
1652,CHEMBL4267,89,65,154
1653,CHEMBL4270,13,11,24
1654,CHEMBL4273,71,13,84
1655,CHEMBL4277,0,17,17
1656,CHEMBL4281,5,15,20
1657,CHEMBL4282,452,1141,1593
1658,CHEMBL4290,5,17,22
1659,CHEMBL4296,229,1417,1646
1660,CHEMBL4302,278,682,960
1661,CHEMBL4303,131,350,481
1662,CHEMBL4304,39,43,82
1663,CHEMBL4305,15,42,57
1664,CHEMBL4306,83,460,543
1665,CHEMBL4308,48,522,570
1666,CHEMBL4309,104,17,121
1667,CHEMBL4311,67,15,82
1668,CHEMBL4312,58,23,81
1669,CHEMBL4314,1,13,14
1670,CHEMBL4315,45,280,325
1671,CHEMBL4316,2,10,12
1672,CHEMBL4317,74,128,202
1673,CHEMBL4319,23,23,46
1674,CHEMBL4320,46,16,62
1675,CHEMBL4321,135,390,525
1676,CHEMBL4323,23,20,43
1677,CHEMBL4327,20,28,48
1678,CHEMBL4328,2,15,17
1679,CHEMBL4329,32,142,174
1680,CHEMBL4333,64,753,817
1681,CHEMBL4334,8,21,29
1682,CHEMBL4335,0,34,34
1683,CHEMBL4336,84,235,319
1684,CHEMBL4338,52,207,259
1685,CHEMBL4342,38,36,74
1686,CHEMBL4343,67,13,80
1687,CHEMBL4350,0,12,12
1688,CHEMBL4351,0,11,11
1689,CHEMBL4354,113,799,912
1690,CHEMBL4355,38,48,86
1691,CHEMBL4358,31,107,138
1692,CHEMBL4360,2,44,46
1693,CHEMBL4361,106,255,361
1694,CHEMBL4367,56,45,101
1695,CHEMBL4370,37,38,75
1696,CHEMBL4372,274,211,485
1697,CHEMBL4375,60,23,83
1698,CHEMBL4376,93,83,176
1699,CHEMBL4378,3,14,17
1700,CHEMBL4383,3,65,68
1701,CHEMBL4386,67,14,81
1702,CHEMBL4391,30,52,82
1703,CHEMBL4393,212,319,531
1704,CHEMBL4394,32,149,181
1705,CHEMBL4398,10,32,42
1706,CHEMBL4402,32,50,82
1707,CHEMBL4408,56,125,181
1708,CHEMBL4409,50,844,894
1709,CHEMBL4411,22,28,50
1710,CHEMBL4414,44,305,349
1711,CHEMBL4420,1,36,37
1712,CHEMBL4422,14,253,267
1713,CHEMBL4424,0,11,11
1714,CHEMBL4426,48,88,136
1715,CHEMBL4427,172,346,518
1716,CHEMBL4428,55,17,72
1717,CHEMBL4429,76,445,521
1718,CHEMBL4430,75,139,214
1719,CHEMBL4431,1,26,27
1720,CHEMBL4439,213,600,813
1721,CHEMBL4441,69,623,692
1722,CHEMBL4442,74,12,86
1723,CHEMBL4444,179,53,232
1724,CHEMBL4447,27,12,39
1725,CHEMBL4454,51,52,103
1726,CHEMBL4461,49,35,84
1727,CHEMBL4462,288,148,436
1728,CHEMBL4464,1,32,33
1729,CHEMBL4465,35,107,142
1730,CHEMBL4466,0,15,15
1731,CHEMBL4468,0,37,37
1732,CHEMBL4469,0,11,11
1733,CHEMBL4471,136,406,542
1734,CHEMBL4472,72,118,190
1735,CHEMBL4477,94,153,247
1736,CHEMBL4478,12,191,203
1737,CHEMBL4481,325,608,933
1738,CHEMBL4482,175,56,231
1739,CHEMBL4484,0,10,10
1740,CHEMBL4487,78,19,97
1741,CHEMBL4489,5,35,40
1742,CHEMBL4497,33,58,91
1743,CHEMBL4501,106,116,222
1744,CHEMBL4502,15,15,30
1745,CHEMBL4503,1,37,38
1746,CHEMBL4505,28,10,38
1747,CHEMBL4506,279,142,421
1748,CHEMBL4508,13,158,171
1749,CHEMBL4512,13,12,25
1750,CHEMBL4513,5,10,15
1751,CHEMBL4514,0,16,16
1752,CHEMBL4516,89,34,123
1753,CHEMBL4521,11,14,25
1754,CHEMBL4522,50,31,81
1755,CHEMBL4523,173,447,620
1756,CHEMBL4524,64,17,81
1757,CHEMBL4525,57,30,87
1758,CHEMBL4526,47,34,81
1759,CHEMBL4527,49,48,97
1760,CHEMBL4530,35,80,115
1761,CHEMBL4531,78,33,111
1762,CHEMBL4540,27,15,42
1763,CHEMBL4542,88,11,99
1764,CHEMBL4549,0,49,49
1765,CHEMBL4550,28,258,286
1766,CHEMBL4552,80,809,889
1767,CHEMBL4554,5,59,64
1768,CHEMBL4556,17,65,82
1769,CHEMBL4559,65,67,132
1770,CHEMBL4561,79,978,1057
1771,CHEMBL4564,15,140,155
1772,CHEMBL4566,98,727,825
1773,CHEMBL4567,2,25,27
1774,CHEMBL4573,10,18,28
1775,CHEMBL4574,67,17,84
1776,CHEMBL4576,45,40,85
1777,CHEMBL4577,44,33,77
1778,CHEMBL4578,59,28,87
1779,CHEMBL4580,35,30,65
1780,CHEMBL4581,152,721,873
1781,CHEMBL4586,119,29,148
1782,CHEMBL4588,167,858,1025
1783,CHEMBL4592,21,34,55
1784,CHEMBL4596,20,79,99
1785,CHEMBL4597,50,31,81
1786,CHEMBL4598,59,25,84
1787,CHEMBL4599,75,171,246
1788,CHEMBL4600,108,44,152
1789,CHEMBL4601,87,121,208
1790,CHEMBL4602,61,22,83
1791,CHEMBL4607,42,304,346
1792,CHEMBL4608,181,248,429
1793,CHEMBL4611,73,23,96
1794,CHEMBL4613,0,14,14
1795,CHEMBL4614,15,36,51
1796,CHEMBL4616,87,642,729
1797,CHEMBL4617,59,138,197
1798,CHEMBL4618,118,428,546
1799,CHEMBL4619,14,46,60
1800,CHEMBL4620,93,75,168
1801,CHEMBL4625,169,316,485
1802,CHEMBL4627,53,19,72
1803,CHEMBL4630,426,1471,1897
1804,CHEMBL4631,79,84,163
1805,CHEMBL4632,6,29,35
1806,CHEMBL4633,56,220,276
1807,CHEMBL4636,9,23,32
1808,CHEMBL4641,25,223,248
1809,CHEMBL4644,252,322,574
1810,CHEMBL4647,27,36,63
1811,CHEMBL4648,8,14,22
1812,CHEMBL4649,26,459,485
1813,CHEMBL4652,3,146,149
1814,CHEMBL4653,13,179,192
1815,CHEMBL4655,3,21,24
1816,CHEMBL4657,1063,546,1609
1817,CHEMBL4662,24,194,218
1818,CHEMBL4664,3,30,33
1819,CHEMBL4665,4,13,17
1820,CHEMBL4666,8,34,42
1821,CHEMBL4674,105,16,121
1822,CHEMBL4675,81,57,138
1823,CHEMBL4676,5,46,51
1824,CHEMBL4677,40,21,61
1825,CHEMBL4679,17,10,27
1826,CHEMBL4680,3,24,27
1827,CHEMBL4681,127,315,442
1828,CHEMBL4683,284,124,408
1829,CHEMBL4685,252,138,390
1830,CHEMBL4687,22,102,124
1831,CHEMBL4692,0,25,25
1832,CHEMBL4693,4,25,29
1833,CHEMBL4696,361,95,456
1834,CHEMBL4698,17,258,275
1835,CHEMBL4699,95,154,249
1836,CHEMBL4701,35,119,154
1837,CHEMBL4702,75,35,110
1838,CHEMBL4707,3,12,15
1839,CHEMBL4708,73,38,111
1840,CHEMBL4713,13,10,23
1841,CHEMBL4714,6,36,42
1842,CHEMBL4715,96,24,120
1843,CHEMBL4718,70,56,126
1844,CHEMBL4719,3,19,22
1845,CHEMBL4720,0,16,16
1846,CHEMBL4722,518,1467,1985
1847,CHEMBL4725,0,25,25
1848,CHEMBL4730,9,41,50
1849,CHEMBL4731,8,19,27
1850,CHEMBL4734,8,14,22
1851,CHEMBL4736,17,47,64
1852,CHEMBL4740,1,25,26
1853,CHEMBL4744,15,109,124
1854,CHEMBL4748,3,14,17
1855,CHEMBL4752,16,26,42
1856,CHEMBL4760,45,15,60
1857,CHEMBL4761,17,65,82
1858,CHEMBL4766,78,19,97
1859,CHEMBL4767,34,195,229
1860,CHEMBL4768,133,343,476
1861,CHEMBL4769,58,62,120
1862,CHEMBL4772,26,97,123
1863,CHEMBL4773,15,75,90
1864,CHEMBL4774,24,17,41
1865,CHEMBL4777,126,471,597
1866,CHEMBL4779,159,76,235
1867,CHEMBL4780,77,171,248
1868,CHEMBL4781,18,97,115
1869,CHEMBL4788,11,31,42
1870,CHEMBL4789,93,207,300
1871,CHEMBL4791,97,311,408
1872,CHEMBL4792,46,353,399
1873,CHEMBL4793,739,400,1139
1874,CHEMBL4794,109,414,523
1875,CHEMBL4796,63,70,133
1876,CHEMBL4797,6,15,21
1877,CHEMBL4800,3,23,26
1878,CHEMBL4801,230,562,792
1879,CHEMBL4802,321,64,385
1880,CHEMBL4803,483,271,754
1881,CHEMBL4804,204,243,447
1882,CHEMBL4805,22,879,901
1883,CHEMBL4816,134,192,326
1884,CHEMBL4820,6,27,33
1885,CHEMBL4822,836,2557,3393
1886,CHEMBL4825,3,50,53
1887,CHEMBL4828,37,147,184
1888,CHEMBL4829,27,352,379
1889,CHEMBL4835,87,35,122
1890,CHEMBL4837,0,48,48
1891,CHEMBL4838,4,27,31
1892,CHEMBL4840,37,31,68
1893,CHEMBL4843,1,50,51
1894,CHEMBL4848,63,19,82
1895,CHEMBL4849,69,13,82
1896,CHEMBL4852,45,37,82
1897,CHEMBL4853,61,19,80
1898,CHEMBL4860,87,322,409
1899,CHEMBL4878,0,43,43
1900,CHEMBL4883,16,24,40
1901,CHEMBL4884,31,31,62
1902,CHEMBL4892,20,215,235
1903,CHEMBL4893,161,373,534
1904,CHEMBL4894,5,18,23
1905,CHEMBL4895,120,190,310
1906,CHEMBL4897,146,101,247
1907,CHEMBL4898,68,59,127
1908,CHEMBL4899,81,160,241
1909,CHEMBL4900,77,24,101
1910,CHEMBL4901,93,29,122
1911,CHEMBL4903,66,25,91
1912,CHEMBL4905,17,15,32
1913,CHEMBL4908,0,53,53
1914,CHEMBL4909,22,35,57
1915,CHEMBL4910,8,10,18
1916,CHEMBL4919,19,104,123
1917,CHEMBL4931,12,45,57
1918,CHEMBL4937,90,44,134
1919,CHEMBL4940,42,16,58
1920,CHEMBL4941,1,67,68
1921,CHEMBL4944,0,13,13
1922,CHEMBL4948,33,45,78
1923,CHEMBL4954,59,43,102
1924,CHEMBL4956,4,60,64
1925,CHEMBL4958,143,33,176
1926,CHEMBL4959,20,21,41
1927,CHEMBL4968,0,10,10
1928,CHEMBL4972,11,34,45
1929,CHEMBL4973,87,37,124
1930,CHEMBL4975,89,561,650
1931,CHEMBL4977,30,75,105
1932,CHEMBL4979,124,239,363
1933,CHEMBL4980,414,717,1131
1934,CHEMBL4983,11,54,65
1935,CHEMBL5000,13,12,25
1936,CHEMBL5002,2,10,12
1937,CHEMBL5008,32,12,44
1938,CHEMBL5010,13,34,47
1939,CHEMBL5011,32,49,81
1940,CHEMBL5014,51,42,93
1941,CHEMBL5015,2,36,38
1942,CHEMBL5017,41,215,256
1943,CHEMBL5023,136,438,574
1944,CHEMBL5024,31,82,113
1945,CHEMBL5026,18,35,53
1946,CHEMBL5027,19,45,64
1947,CHEMBL5028,18,131,149
1948,CHEMBL5031,10,58,68
1949,CHEMBL5032,0,14,14
1950,CHEMBL5033,43,22,65
1951,CHEMBL5035,64,61,125
1952,CHEMBL5036,3,255,258
1953,CHEMBL5038,27,22,49
1954,CHEMBL5044,69,11,80
1955,CHEMBL5047,49,25,74
1956,CHEMBL5048,104,22,126
1957,CHEMBL5052,66,14,80
1958,CHEMBL5062,0,61,61
1959,CHEMBL5067,61,170,231
1960,CHEMBL5070,13,38,51
1961,CHEMBL5071,73,1337,1410
1962,CHEMBL5072,59,31,90
1963,CHEMBL5073,59,26,85
1964,CHEMBL5076,5,396,401
1965,CHEMBL5077,125,326,451
1966,CHEMBL5080,21,56,77
1967,CHEMBL5081,56,25,81
1968,CHEMBL5082,65,15,80
1969,CHEMBL5083,11,13,24
1970,CHEMBL5084,70,12,82
1971,CHEMBL5090,5,11,16
1972,CHEMBL5098,5,47,52
1973,CHEMBL5099,1,15,16
1974,CHEMBL5101,23,25,48
1975,CHEMBL5102,64,493,557
1976,CHEMBL5103,48,131,179
1977,CHEMBL5106,0,22,22
1978,CHEMBL5107,29,18,47
1979,CHEMBL5112,8,67,75
1980,CHEMBL5113,63,336,399
1981,CHEMBL5114,13,19,32
1982,CHEMBL5116,59,14,73
1983,CHEMBL5121,71,10,81
1984,CHEMBL5122,79,72,151
1985,CHEMBL5129,66,11,77
1986,CHEMBL5131,227,105,332
1987,CHEMBL5135,10,36,46
1988,CHEMBL5136,32,282,314
1989,CHEMBL5137,98,382,480
1990,CHEMBL5141,9,81,90
1991,CHEMBL5145,205,545,750
1992,CHEMBL5147,175,336,511
1993,CHEMBL5158,10,71,81
1994,CHEMBL5160,74,46,120
1995,CHEMBL5161,25,13,38
1996,CHEMBL5162,4,29,33
1997,CHEMBL5174,28,27,55
1998,CHEMBL5185,6,68,74
1999,CHEMBL5187,2,10,12
2000,CHEMBL5189,24,41,65
2001,CHEMBL5192,229,137,366
2002,CHEMBL5198,59,26,85
2003,CHEMBL5200,0,19,19
2004,CHEMBL5203,161,68,229
2005,CHEMBL5205,120,12,132
2006,CHEMBL5211,11,46,57
2007,CHEMBL5221,63,61,124
2008,CHEMBL5233,11,11,22
2009,CHEMBL5244,24,19,43
2010,CHEMBL5251,110,183,293
2011,CHEMBL5255,16,41,57
2012,CHEMBL5256,59,23,82
2013,CHEMBL5258,64,16,80
2014,CHEMBL5260,53,26,79
2015,CHEMBL5261,44,34,78
2016,CHEMBL5263,4,34,38
2017,CHEMBL5270,11,23,34
2018,CHEMBL5274,44,35,79
2019,CHEMBL5275,76,16,92
2020,CHEMBL5276,19,10,29
2021,CHEMBL5280,3,10,13
2022,CHEMBL5283,5,20,25
2023,CHEMBL5284,57,32,89
2024,CHEMBL5285,111,50,161
2025,CHEMBL5297,0,17,17
2026,CHEMBL5298,9,24,33
2027,CHEMBL5299,0,73,73
2028,CHEMBL5306,1,47,48
2029,CHEMBL5310,68,29,97
2030,CHEMBL5311,72,21,93
2031,CHEMBL5314,104,203,307
2032,CHEMBL5316,65,15,80
2033,CHEMBL5319,44,82,126
2034,CHEMBL5320,67,23,90
2035,CHEMBL5327,1,22,23
2036,CHEMBL5328,109,116,225
2037,CHEMBL5330,42,41,83
2038,CHEMBL5331,57,173,230
2039,CHEMBL5332,68,39,107
2040,CHEMBL5334,55,26,81
2041,CHEMBL5335,1,36,37
2042,CHEMBL5337,26,121,147
2043,CHEMBL5339,8,14,22
2044,CHEMBL5347,85,18,103
2045,CHEMBL5348,5,11,16
2046,CHEMBL5350,10,20,30
2047,CHEMBL5353,29,260,289
2048,CHEMBL5355,3,30,33
2049,CHEMBL5356,2,29,31
2050,CHEMBL5358,54,31,85
2051,CHEMBL5360,56,33,89
2052,CHEMBL5364,68,18,86
2053,CHEMBL5366,27,46,73
2054,CHEMBL5368,36,29,65
2055,CHEMBL5372,1,39,40
2056,CHEMBL5373,63,317,380
2057,CHEMBL5375,373,783,1156
2058,CHEMBL5378,137,54,191
2059,CHEMBL5381,1,34,35
2060,CHEMBL5387,22,181,203
2061,CHEMBL5388,68,11,79
2062,CHEMBL5393,91,239,330
2063,CHEMBL5399,0,15,15
2064,CHEMBL5401,1,68,69
2065,CHEMBL5404,69,11,80
2066,CHEMBL5406,38,41,79
2067,CHEMBL5407,76,242,318
2068,CHEMBL5408,73,131,204
2069,CHEMBL5409,27,177,204
2070,CHEMBL5412,1,45,46
2071,CHEMBL5413,3,73,76
2072,CHEMBL5414,53,188,241
2073,CHEMBL5415,51,24,75
2074,CHEMBL5416,67,13,80
2075,CHEMBL5419,23,40,63
2076,CHEMBL5424,45,343,388
2077,CHEMBL5426,63,18,81
2078,CHEMBL5427,52,28,80
2079,CHEMBL5431,2,28,30
2080,CHEMBL5432,50,32,82
2081,CHEMBL5435,52,22,74
2082,CHEMBL5440,31,37,68
2083,CHEMBL5441,64,360,424
2084,CHEMBL5443,44,294,338
2085,CHEMBL5445,125,79,204
2086,CHEMBL5450,7,40,47
2087,CHEMBL5451,7,75,82
2088,CHEMBL5453,22,45,67
2089,CHEMBL5455,67,25,92
2090,CHEMBL5456,0,24,24
2091,CHEMBL5457,40,171,211
2092,CHEMBL5461,8,11,19
2093,CHEMBL5462,11,105,116
2094,CHEMBL5464,63,53,116
2095,CHEMBL5465,2,30,32
2096,CHEMBL5466,68,15,83
2097,CHEMBL5467,64,24,88
2098,CHEMBL5469,73,99,172
2099,CHEMBL5471,43,224,267
2100,CHEMBL5474,31,16,47
2101,CHEMBL5476,51,36,87
2102,CHEMBL5480,68,137,205
2103,CHEMBL5483,64,19,83
2104,CHEMBL5485,78,89,167
2105,CHEMBL5490,0,13,13
2106,CHEMBL5491,95,271,366
2107,CHEMBL5492,1,19,20
2108,CHEMBL5498,33,93,126
2109,CHEMBL5499,4,27,31
2110,CHEMBL5500,59,49,108
2111,CHEMBL5508,218,212,430
2112,CHEMBL5514,11,12,23
2113,CHEMBL5517,0,72,72
2114,CHEMBL5518,40,38,78
2115,CHEMBL5519,70,11,81
2116,CHEMBL5520,65,13,78
2117,CHEMBL5524,95,14,109
2118,CHEMBL5525,6,109,115
2119,CHEMBL5526,42,24,66
2120,CHEMBL5533,68,50,118
2121,CHEMBL5536,0,34,34
2122,CHEMBL5538,15,34,49
2123,CHEMBL5541,1,22,23
2124,CHEMBL5543,66,139,205
2125,CHEMBL5545,37,21,58
2126,CHEMBL5546,69,10,79
2127,CHEMBL5547,57,22,79
2128,CHEMBL5549,1,17,18
2129,CHEMBL5550,70,13,83
2130,CHEMBL5552,59,20,79
2131,CHEMBL5554,68,22,90
2132,CHEMBL5555,41,366,407
2133,CHEMBL5557,6,16,22
2134,CHEMBL5558,1,29,30
2135,CHEMBL5567,19,77,96
2136,CHEMBL5568,68,26,94
2137,CHEMBL5569,0,10,10
2138,CHEMBL5570,14,123,137
2139,CHEMBL5575,28,107,135
2140,CHEMBL5578,7,17,24
2141,CHEMBL5579,49,32,81
2142,CHEMBL5582,10,114,124
2143,CHEMBL5600,75,23,98
2144,CHEMBL5601,0,16,16
2145,CHEMBL5602,7,15,22
2146,CHEMBL5604,82,21,103
2147,CHEMBL5606,70,13,83
2148,CHEMBL5607,54,21,75
2149,CHEMBL5608,55,36,91
2150,CHEMBL5610,3,19,22
2151,CHEMBL5615,66,13,79
2152,CHEMBL5619,260,40,300
2153,CHEMBL5620,1,30,31
2154,CHEMBL5627,59,31,90
2155,CHEMBL5630,27,39,66
2156,CHEMBL5631,16,106,122
2157,CHEMBL5645,19,450,469
2158,CHEMBL5650,70,11,81
2159,CHEMBL5651,50,23,73
2160,CHEMBL5652,30,283,313
2161,CHEMBL5654,68,11,79
2162,CHEMBL5657,0,18,18
2163,CHEMBL5658,115,454,569
2164,CHEMBL5659,56,23,79
2165,CHEMBL5662,14,87,101
2166,CHEMBL5666,33,22,55
2167,CHEMBL5667,59,20,79
2168,CHEMBL5668,66,13,79
2169,CHEMBL5669,8,224,232
2170,CHEMBL5676,9,10,19
2171,CHEMBL5678,5,51,56
2172,CHEMBL5683,61,19,80
2173,CHEMBL5684,63,21,84
2174,CHEMBL5686,25,29,54
2175,CHEMBL5689,6,49,55
2176,CHEMBL5695,3,36,39
2177,CHEMBL5697,102,224,326
2178,CHEMBL5698,48,32,80
2179,CHEMBL5699,49,31,80
2180,CHEMBL5700,0,12,12
2181,CHEMBL5701,42,37,79
2182,CHEMBL5703,59,20,79
2183,CHEMBL5704,20,106,126
2184,CHEMBL5705,9,76,85
2185,CHEMBL5718,0,11,11
2186,CHEMBL5719,68,12,80
2187,CHEMBL5720,7,32,39
2188,CHEMBL5724,36,31,67
2189,CHEMBL5728,51,22,73
2190,CHEMBL5742,9,21,30
2191,CHEMBL5743,0,25,25
2192,CHEMBL5747,21,23,44
2193,CHEMBL5749,48,32,80
2194,CHEMBL5753,67,15,82
2195,CHEMBL5754,66,14,80
2196,CHEMBL5756,4,32,36
2197,CHEMBL5761,15,14,29
2198,CHEMBL5763,629,973,1602
2199,CHEMBL5765,0,14,14
2200,CHEMBL5767,13,88,101
2201,CHEMBL5769,69,86,155
2202,CHEMBL5774,10,46,56
2203,CHEMBL5776,44,89,133
2204,CHEMBL5784,82,33,115
2205,CHEMBL5785,101,70,171
2206,CHEMBL5786,13,45,58
2207,CHEMBL5790,60,20,80
2208,CHEMBL5791,0,10,10
2209,CHEMBL5800,86,78,164
2210,CHEMBL5808,67,13,80
2211,CHEMBL5810,56,30,86
2212,CHEMBL5817,2,11,13
2213,CHEMBL5818,75,10,85
2214,CHEMBL5825,4,11,15
2215,CHEMBL5831,6,40,46
2216,CHEMBL5832,63,25,88
2217,CHEMBL5833,8,10,18
2218,CHEMBL5836,32,43,75
2219,CHEMBL5838,63,17,80
2220,CHEMBL5845,30,16,46
2221,CHEMBL5847,245,90,335
2222,CHEMBL5852,7,23,30
2223,CHEMBL5855,77,14,91
2224,CHEMBL5856,57,16,73
2225,CHEMBL5857,9,59,68
2226,CHEMBL5859,21,14,35
2227,CHEMBL5861,49,25,74
2228,CHEMBL5868,43,31,74
2229,CHEMBL5869,43,11,54
2230,CHEMBL5870,1,15,16
2231,CHEMBL5871,32,11,43
2232,CHEMBL5879,40,27,67
2233,CHEMBL5880,0,10,10
2234,CHEMBL5888,20,21,41
2235,CHEMBL5891,31,28,59
2236,CHEMBL5896,27,15,42
2237,CHEMBL5903,62,31,93
2238,CHEMBL5905,158,36,194
2239,CHEMBL5906,11,12,23
2240,CHEMBL5907,59,20,79
2241,CHEMBL5912,69,11,80
2242,CHEMBL5914,42,33,75
2243,CHEMBL5916,12,21,33
2244,CHEMBL5917,17,17,34
2245,CHEMBL5931,7,34,41
2246,CHEMBL5932,71,78,149
2247,CHEMBL5936,15,36,51
2248,CHEMBL5938,116,85,201
2249,CHEMBL5940,70,22,92
2250,CHEMBL5941,74,29,103
2251,CHEMBL5947,0,10,10
2252,CHEMBL5951,0,27,27
2253,CHEMBL5952,0,26,26
2254,CHEMBL5956,1,14,15
2255,CHEMBL5963,4,16,20
2256,CHEMBL5968,0,11,11
2257,CHEMBL5969,57,22,79
2258,CHEMBL5970,45,30,75
2259,CHEMBL5971,66,332,398
2260,CHEMBL5973,29,82,111
2261,CHEMBL5975,55,24,79
2262,CHEMBL5979,82,49,131
2263,CHEMBL5980,34,10,44
2264,CHEMBL5982,7,33,40
2265,CHEMBL5983,19,66,85
2266,CHEMBL5989,7,26,33
2267,CHEMBL5990,20,13,33
2268,CHEMBL6000,52,23,75
2269,CHEMBL6002,64,17,81
2270,CHEMBL6003,74,14,88
2271,CHEMBL6005,59,52,111
2272,CHEMBL6006,55,19,74
2273,CHEMBL6007,48,96,144
2274,CHEMBL6009,94,603,697
2275,CHEMBL6013,56,21,77
2276,CHEMBL6016,14,13,27
2277,CHEMBL6017,4,29,33
2278,CHEMBL6029,72,37,109
2279,CHEMBL6030,9,70,79
2280,CHEMBL6032,61,56,117
2281,CHEMBL6035,42,28,70
2282,CHEMBL6044,20,48,68
2283,CHEMBL6052,24,22,46
2284,CHEMBL6056,0,78,78
2285,CHEMBL6068,16,26,42
2286,CHEMBL6069,41,32,73
2287,CHEMBL6078,0,20,20
2288,CHEMBL6079,33,17,50
2289,CHEMBL6080,20,89,109
2290,CHEMBL6082,53,30,83
2291,CHEMBL6083,56,18,74
2292,CHEMBL6084,19,97,116
2293,CHEMBL6095,23,18,41
2294,CHEMBL6108,1,23,24
2295,CHEMBL6110,7,25,32
2296,CHEMBL6114,22,15,37
2297,CHEMBL6115,6,34,40
2298,CHEMBL6117,29,13,42
2299,CHEMBL6120,5,21,26
2300,CHEMBL6123,55,26,81
2301,CHEMBL612409,1,11,12
2302,CHEMBL6129,17,12,29
2303,CHEMBL6135,11,11,22
2304,CHEMBL6136,185,65,250
2305,CHEMBL6137,124,132,256
2306,CHEMBL6140,5,117,122
2307,CHEMBL6141,83,723,806
2308,CHEMBL6145,52,152,204
2309,CHEMBL6148,4,15,19
2310,CHEMBL614865,9,66,75
2311,CHEMBL6149,59,15,74
2312,CHEMBL6150,59,13,72
2313,CHEMBL6154,21,163,184
2314,CHEMBL6159,15,14,29
2315,CHEMBL6162,61,18,79
2316,CHEMBL6164,22,140,162
2317,CHEMBL6166,57,57,114
2318,CHEMBL6167,64,15,79
2319,CHEMBL6169,17,25,42
2320,CHEMBL6172,24,29,53
2321,CHEMBL6175,68,20,88
2322,CHEMBL6184,26,194,220
2323,CHEMBL6186,58,15,73
2324,CHEMBL6191,20,56,76
2325,CHEMBL6194,29,17,46
2326,CHEMBL6197,0,67,67
